3
displacement 0 
O -0.0022892300490299994 -0.0029222825268 0.0
H 0.96462368115947 0.00265318700136 0.0
H -0.22653773613081 0.93765421069203 0.0
3
displacement 1 
O -0.0006782176431354374 -0.0008658367460357772 1.1434098915903517e-18
H 0.9281838133488238 0.004920962064736595 9.133638244404872e-18
H -0.21566771139334037 0.9027460371438606 -9.212120418866373e-18
3
displacement 2 
O 0.0009327947627591249 0.0011906090347284452 2.2868197831807034e-18
H 0.8917439455381778 0.007188737128113188 1.8267276488809744e-17
H -0.20479768665587078 0.8678378635956913 -1.8424240837732746e-17
3
displacement 3 
O 0.002543807168653687 0.003247054815492668 3.4302296747710553e-18
H 0.8553040777275317 0.009456512191489783 2.7400914733214613e-17
H -0.19392766191840116 0.8329296900475219 -2.7636361256599117e-17
3
displacement 4 
O 0.004154819574548249 0.005303500596256891 4.573639566361407e-18
H 0.8188642099168856 0.011724287254866376 3.653455297761949e-17
H -0.18305763718093154 0.7980215164993525 -3.684848167546549e-17
3
displacement 5 
O 0.005765831980442812 0.007359946377021113 5.7170494579517595e-18
H 0.7824243421062395 0.01399206231824297 4.5668191222024364e-17
H -0.17218761244346195 0.7631133429511832 -4.606060209433186e-17
3
displacement 6 
O 0.007376844386337374 0.009416392157785336 6.8604593495421114e-18
H 0.7459844742955933 0.016259837381619565 5.4801829466429233e-17
H -0.16131758770599233 0.7282051694030138 -5.5272722513198234e-17
3
displacement 7 
O 0.008987856792231935 0.011472837938549559 8.003869241132463e-18
H 0.7095446064849473 0.01852761244499616 6.393546771083411e-17
H -0.15044756296852274 0.6932969958548444 -6.448484293206461e-17
3
displacement 8 
O 0.010598869198126496 0.013529283719313782 9.147279132722814e-18
H 0.6731047386743012 0.020795387508372756 7.306910595523898e-17
H -0.13957753823105312 0.6583888223066751 -7.369696335093098e-17
3
displacement 9 
O 0.012209881604021061 0.015585729500078003 1.0290689024313166e-17
H 0.6366648708636551 0.023063162571749347 8.220274419964385e-17
H -0.1287075134935835 0.6234806487585057 -8.290908376979734e-17
3
displacement 10 
O 0.013820894009915624 0.017642175280842227 1.1434098915903516e-17
H 0.600225003053009 0.025330937635125943 9.133638244404873e-17
H -0.11783748875611388 0.5885724752103363 -9.212120418866372e-17
3
displacement 11 
O 0.012209881604021061 0.015585729500078003 1.0290689024313166e-17
H 0.6366648708636551 0.023063162571749347 8.220274419964385e-17
H -0.1287075134935835 0.6234806487585057 -8.290908376979734e-17
3
displacement 12 
O 0.010598869198126496 0.013529283719313782 9.147279132722814e-18
H 0.6731047386743012 0.020795387508372756 7.306910595523898e-17
H -0.13957753823105312 0.6583888223066751 -7.369696335093098e-17
3
displacement 13 
O 0.008987856792231935 0.011472837938549559 8.003869241132463e-18
H 0.7095446064849473 0.01852761244499616 6.393546771083411e-17
H -0.15044756296852274 0.6932969958548444 -6.448484293206461e-17
3
displacement 14 
O 0.007376844386337374 0.009416392157785336 6.8604593495421114e-18
H 0.7459844742955933 0.016259837381619565 5.4801829466429233e-17
H -0.16131758770599233 0.7282051694030138 -5.5272722513198234e-17
3
displacement 15 
O 0.005765831980442812 0.007359946377021113 5.7170494579517595e-18
H 0.7824243421062395 0.01399206231824297 4.5668191222024364e-17
H -0.17218761244346195 0.7631133429511832 -4.606060209433186e-17
3
displacement 16 
O 0.004154819574548249 0.005303500596256891 4.573639566361407e-18
H 0.8188642099168856 0.011724287254866376 3.653455297761949e-17
H -0.18305763718093154 0.7980215164993525 -3.684848167546549e-17
3
displacement 17 
O 0.002543807168653687 0.003247054815492668 3.4302296747710553e-18
H 0.8553040777275317 0.009456512191489783 2.7400914733214613e-17
H -0.19392766191840116 0.8329296900475219 -2.7636361256599117e-17
3
displacement 18 
O 0.0009327947627591249 0.0011906090347284452 2.2868197831807034e-18
H 0.8917439455381778 0.007188737128113188 1.8267276488809744e-17
H -0.20479768665587078 0.8678378635956913 -1.8424240837732746e-17
3
displacement 19 
O -0.0006782176431354374 -0.0008658367460357772 1.1434098915903517e-18
H 0.9281838133488238 0.004920962064736595 9.133638244404872e-18
H -0.21566771139334037 0.9027460371438606 -9.212120418866373e-18
3
displacement 20 
O -0.0022892300490299994 -0.0029222825268 0.0
H 0.96462368115947 0.00265318700136 0.0
H -0.22653773613081 0.93765421069203 0.0
