3
displacement 0 
O -0.0022892300490299994 -0.0029222825268 0.0
H 0.96462368115947 0.00265318700136 0.0
H -0.22653773613081 0.93765421069203 0.0
3
displacement 1 
O -0.005077448171527851 -0.0007361119159704315 -7.121416658416096e-19
H 1.0005573266043977 0.002858192359056291 2.4852341758218902e-18
H -0.21821701843505512 0.9027499417802993 7.8717781699310345e-19
3
displacement 2 
O -0.007865666294025703 0.001450058694859137 -1.4242833316832192e-18
H 1.0364909720493252 0.003063197716752582 4.9704683516437804e-18
H -0.20989630073930027 0.8678456728685686 1.5743556339862069e-18
3
displacement 3 
O -0.010653884416523556 0.003636229305688705 -2.136424997524829e-18
H 1.0724246174942529 0.0032682030744488723 7.45570252746567e-18
H -0.2015755830435454 0.8329414039568379 2.3615334509793104e-18
3
displacement 4 
O -0.013442102539021408 0.005822399916518274 -2.8485666633664384e-18
H 1.1083582629391806 0.003473208432145163 9.940936703287561e-18
H -0.19325486534779054 0.7980371350451072 3.1487112679724138e-18
3
displacement 5 
O -0.016230320661519262 0.008008570527347842 -3.560708329208048e-18
H 1.144291908384108 0.003678213789841454 1.242617087910945e-17
H -0.18493414765203567 0.7631328661333766 3.935889084965517e-18
3
displacement 6 
O -0.019018538784017113 0.01019474113817741 -4.272849995049658e-18
H 1.1802255538290358 0.003883219147537745 1.491140505493134e-17
H -0.17661342995628082 0.7282285972216459 4.723066901958621e-18
3
displacement 7 
O -0.021806756906514964 0.012380911749006978 -4.984991660891268e-18
H 1.2161591992739635 0.004088224505234036 1.739663923075323e-17
H -0.16829271226052597 0.6933243283099152 5.510244718951724e-18
3
displacement 8 
O -0.024594975029012815 0.014567082359836546 -5.697133326732877e-18
H 1.252092844718891 0.004293229862930326 1.9881873406575122e-17
H -0.1599719945647711 0.6584200593981845 6.2974225359448276e-18
3
displacement 9 
O -0.027383193151510665 0.016753252970666113 -6.409274992574486e-18
H 1.2880264901638188 0.004498235220626617 2.2367107582397012e-17
H -0.15165127686901625 0.6235157904864538 7.084600352937931e-18
3
displacement 10 
O -0.030171411274008516 0.018939423581495682 -7.121416658416095e-18
H 1.3239601356087465 0.004703240578322908 2.48523417582189e-17
H -0.14333055917326137 0.5886115215747231 7.871778169931034e-18
3
displacement 11 
O -0.027383193151510665 0.016753252970666113 -6.409274992574486e-18
H 1.2880264901638188 0.004498235220626617 2.2367107582397012e-17
H -0.15165127686901625 0.6235157904864538 7.084600352937931e-18
3
displacement 12 
O -0.024594975029012815 0.014567082359836546 -5.697133326732877e-18
H 1.252092844718891 0.004293229862930326 1.9881873406575122e-17
H -0.1599719945647711 0.6584200593981845 6.2974225359448276e-18
3
displacement 13 
O -0.021806756906514964 0.012380911749006978 -4.984991660891268e-18
H 1.2161591992739635 0.004088224505234036 1.739663923075323e-17
H -0.16829271226052597 0.6933243283099152 5.510244718951724e-18
3
displacement 14 
O -0.019018538784017113 0.01019474113817741 -4.272849995049658e-18
H 1.1802255538290358 0.003883219147537745 1.491140505493134e-17
H -0.17661342995628082 0.7282285972216459 4.723066901958621e-18
3
displacement 15 
O -0.016230320661519262 0.008008570527347842 -3.560708329208048e-18
H 1.144291908384108 0.003678213789841454 1.242617087910945e-17
H -0.18493414765203567 0.7631328661333766 3.935889084965517e-18
3
displacement 16 
O -0.013442102539021408 0.005822399916518274 -2.8485666633664384e-18
H 1.1083582629391806 0.003473208432145163 9.940936703287561e-18
H -0.19325486534779054 0.7980371350451072 3.1487112679724138e-18
3
displacement 17 
O -0.010653884416523556 0.003636229305688705 -2.136424997524829e-18
H 1.0724246174942529 0.0032682030744488723 7.45570252746567e-18
H -0.2015755830435454 0.8329414039568379 2.3615334509793104e-18
3
displacement 18 
O -0.007865666294025703 0.001450058694859137 -1.4242833316832192e-18
H 1.0364909720493252 0.003063197716752582 4.9704683516437804e-18
H -0.20989630073930027 0.8678456728685686 1.5743556339862069e-18
3
displacement 19 
O -0.005077448171527851 -0.0007361119159704315 -7.121416658416096e-19
H 1.0005573266043977 0.002858192359056291 2.4852341758218902e-18
H -0.21821701843505512 0.9027499417802993 7.8717781699310345e-19
3
displacement 20 
O -0.0022892300490299994 -0.0029222825268 0.0
H 0.96462368115947 0.00265318700136 0.0
H -0.22653773613081 0.93765421069203 0.0
