3
displacement 0 
O -0.0022892300490299994 -0.0029222825268 0.0
H 0.96462368115947 0.00265318700136 0.0
H -0.22653773613081 0.93765421069203 0.0
3
displacement 1 
O -8.334115823251407e-05 -0.00011232608628088829 1.7554417066497078e-17
H 0.9644234681130938 -0.033230141754070824 2.493251213956248e-17
H -0.2613491355844094 0.9289353684067011 2.3512221734390304e-17
3
displacement 2 
O 0.0021225477325649716 0.0026976303542382233 3.5108834132994157e-17
H 0.9642232550667176 -0.06911347050950163 4.986502427912496e-17
H -0.2961605350380088 0.9202165261213721 4.702444346878061e-17
3
displacement 3 
O 0.004328436623362457 0.005507586794757335 5.266325119949123e-17
H 0.9640230420203414 -0.10499679926493245 7.479753641868743e-17
H -0.3309719344916083 0.9114976838360431 7.053666520317092e-17
3
displacement 4 
O 0.006534325514159942 0.008317543235276446 7.021766826598831e-17
H 0.9638228289739652 -0.1408801280203633 9.973004855824991e-17
H -0.3657833339452077 0.9027788415507142 9.404888693756122e-17
3
displacement 5 
O 0.008740214404957427 0.011127499675795557 8.77720853324854e-17
H 0.963622615927589 -0.17676345677579408 1.246625606978124e-16
H -0.4005947333988071 0.8940599992653853 1.175611086719515e-16
3
displacement 6 
O 0.010946103295754912 0.013937456116314669 1.0532650239898247e-16
H 0.9634224028812127 -0.2126467855312249 1.4959507283737486e-16
H -0.43540613285240654 0.8853411569800563 1.4107333040634182e-16
3
displacement 7 
O 0.013151992186552396 0.01674741255683378 1.2288091946547953e-16
H 0.9632221898348365 -0.24853011428665575 1.7452758497693734e-16
H -0.47021753230600594 0.8766223146947273 1.6458555214073213e-16
3
displacement 8 
O 0.015357881077349882 0.019557368997352893 1.4043533653197663e-16
H 0.9630219767884604 -0.2844134430420866 1.9946009711649983e-16
H -0.5050289317596054 0.8679034724093984 1.880977738751224e-16
3
displacement 9 
O 0.017563769968147368 0.022367325437872006 1.579897535984737e-16
H 0.9628217637420842 -0.3202967717975174 2.243926092560623e-16
H -0.5398403312132048 0.8591846301240694 2.1160999560951271e-16
3
displacement 10 
O 0.019769658858944855 0.02517728187839112 1.755441706649708e-16
H 0.962621550695708 -0.35618010055294824 2.493251213956248e-16
H -0.5746517306668042 0.8504657878387405 2.35122217343903e-16
3
displacement 11 
O 0.017563769968147368 0.022367325437872006 1.579897535984737e-16
H 0.9628217637420842 -0.3202967717975174 2.243926092560623e-16
H -0.5398403312132048 0.8591846301240694 2.1160999560951271e-16
3
displacement 12 
O 0.015357881077349882 0.019557368997352893 1.4043533653197663e-16
H 0.9630219767884604 -0.2844134430420866 1.9946009711649983e-16
H -0.5050289317596054 0.8679034724093984 1.880977738751224e-16
3
displacement 13 
O 0.013151992186552396 0.01674741255683378 1.2288091946547953e-16
H 0.9632221898348365 -0.24853011428665575 1.7452758497693734e-16
H -0.47021753230600594 0.8766223146947273 1.6458555214073213e-16
3
displacement 14 
O 0.010946103295754912 0.013937456116314669 1.0532650239898247e-16
H 0.9634224028812127 -0.2126467855312249 1.4959507283737486e-16
H -0.43540613285240654 0.8853411569800563 1.4107333040634182e-16
3
displacement 15 
O 0.008740214404957427 0.011127499675795557 8.77720853324854e-17
H 0.963622615927589 -0.17676345677579408 1.246625606978124e-16
H -0.4005947333988071 0.8940599992653853 1.175611086719515e-16
3
displacement 16 
O 0.006534325514159942 0.008317543235276446 7.021766826598831e-17
H 0.9638228289739652 -0.1408801280203633 9.973004855824991e-17
H -0.3657833339452077 0.9027788415507142 9.404888693756122e-17
3
displacement 17 
O 0.004328436623362457 0.005507586794757335 5.266325119949123e-17
H 0.9640230420203414 -0.10499679926493245 7.479753641868743e-17
H -0.3309719344916083 0.9114976838360431 7.053666520317092e-17
3
displacement 18 
O 0.0021225477325649716 0.0026976303542382233 3.5108834132994157e-17
H 0.9642232550667176 -0.06911347050950163 4.986502427912496e-17
H -0.2961605350380088 0.9202165261213721 4.702444346878061e-17
3
displacement 19 
O -8.334115823251407e-05 -0.00011232608628088829 1.7554417066497078e-17
H 0.9644234681130938 -0.033230141754070824 2.493251213956248e-17
H -0.2613491355844094 0.9289353684067011 2.3512221734390304e-17
3
displacement 20 
O -0.0022892300490299994 -0.0029222825268 0.0
H 0.96462368115947 0.00265318700136 0.0
H -0.22653773613081 0.93765421069203 0.0
